   1.7370723e-21
   2.1715963e-21
   2.9166699e-21
   4.4877269e-21
   9.9536420e-21
   4.1362678e-20
   6.6211898e-21
   3.5710751e-21
   2.4325295e-21
   1.8377177e-21
   1.4724913e-21
   1.2256213e-21
   1.0477367e-21
   9.1357136e-22
   8.0885346e-22
   7.2491191e-22
   6.5617445e-22
   5.9889685e-22
   5.5047011e-22
   5.0902045e-22
   4.7316743e-22
   4.4187153e-22
   4.1433508e-22
   3.8993575e-22
   3.6818088e-22
   3.4867538e-22
   3.3109868e-22
   3.1518799e-22
   3.0072582e-22
   2.8753065e-22
   2.7544974e-22
   2.6435366e-22
   2.5413202e-22
   2.4469008e-22
   2.3594613e-22
   2.2782923e-22
   2.2027756e-22
   2.1323697e-22
   2.0665986e-22
   2.0050420e-22
   1.9473275e-22
   1.8931240e-22
   1.8421360e-22
   1.7940993e-22
   1.7487766e-22
   1.7059542e-22
   1.6654397e-22
   1.6270591e-22
   1.5906548e-22
   1.5560834e-22
   1.5232146e-22
   1.4919291e-22
   1.4621180e-22
   1.4336818e-22
   1.4065292e-22
   1.3805762e-22
   1.3557458e-22
   1.3319670e-22
   1.3091741e-22
   1.2873066e-22
   1.2663085e-22
   1.2461280e-22
   1.2267171e-22
   1.2080311e-22
   1.1900288e-22
   1.1726715e-22
   1.1559234e-22
   1.1397512e-22
   1.1241237e-22
   1.1090118e-22
   1.0943884e-22
   1.0802282e-22
   1.0665073e-22
   1.0532035e-22
   1.0402962e-22
   1.0277656e-22
   1.0155935e-22
   1.0037627e-22
   9.9225695e-23
   9.8106120e-23
   9.7016108e-23
   9.5954316e-23
   9.4919476e-23
   9.3910394e-23
   9.2925945e-23
   9.1965069e-23
   9.1026762e-23
   9.0110078e-23
   8.9214121e-23
   8.8338049e-23
   8.7481060e-23
   8.6642398e-23
   8.5821347e-23
   8.5017228e-23
   8.4229397e-23
   8.3457245e-23
   8.2700194e-23
   8.1957694e-23
   8.1229224e-23
   8.0514288e-23
   7.9812416e-23
   7.9123161e-23
   7.8446096e-23
   7.7780816e-23
   7.7126935e-23
   7.6484085e-23
   7.5851916e-23
   7.5230094e-23
   7.4618300e-23
   7.4016230e-23
   7.3423591e-23
   7.2840109e-23
   7.2265515e-23
   7.1699558e-23
   7.1141993e-23
   7.0592589e-23
   7.0051123e-23
   6.9517381e-23
   6.8991159e-23
   6.8472260e-23
   6.7960497e-23
   6.7455688e-23
   6.6957660e-23
   6.6466246e-23
   6.5981286e-23
   6.5502625e-23
   6.5030115e-23
   6.4563613e-23
   6.4102980e-23
   6.3648085e-23
   6.3198799e-23
   6.2754999e-23
   6.2316564e-23
   6.1883381e-23
   6.1455338e-23
   6.1032327e-23
   6.0614245e-23
   6.0200990e-23
   5.9792466e-23
   5.9388577e-23
   5.8989234e-23
   5.8594346e-23
   5.8203829e-23
   5.7817599e-23
   5.7435576e-23
   5.7057680e-23
   5.6683836e-23
   5.6313970e-23
   5.5948010e-23
   5.5585886e-23
   5.5227529e-23
   5.4872874e-23
   5.4521857e-23
   5.4174414e-23
   5.3830485e-23
   5.3490010e-23
   5.3152932e-23
   5.2819192e-23
   5.2488738e-23
   5.2161514e-23
   5.1837469e-23
   5.1516550e-23
   5.1198709e-23
   5.0883896e-23
   5.0572065e-23
   5.0263167e-23
   4.9957158e-23
   4.9653993e-23
   4.9353629e-23
   4.9056024e-23
   4.8761135e-23
   4.8468922e-23
   4.8179346e-23
   4.7892367e-23
   4.7607948e-23
   4.7326051e-23
   4.7046639e-23
   4.6769677e-23
   4.6495130e-23
   4.6222964e-23
   4.5953144e-23
   4.5685639e-23
   4.5420416e-23
   4.5157443e-23
   4.4896689e-23
   4.4638124e-23
   4.4381718e-23
   4.4127443e-23
   4.3875269e-23
   4.3625168e-23
   4.3377113e-23
   4.3131077e-23
   4.2887034e-23
   4.2644956e-23
   4.2404820e-23
   4.2166600e-23
   4.1930271e-23
   4.1695809e-23
   4.1463191e-23
   4.1232394e-23
   4.1003394e-23
   4.0776169e-23
   4.0550698e-23
   4.0326958e-23
   4.0104929e-23
   3.9884590e-23
   3.9665920e-23
   3.9448900e-23
   3.9233509e-23
   3.9019729e-23
   3.8807539e-23
   3.8596923e-23
   3.8387860e-23
   3.8180334e-23
   3.7974326e-23
   3.7769819e-23
   3.7566796e-23
   3.7365241e-23
   3.7165136e-23
   3.6966465e-23
   3.6769212e-23
   3.6573362e-23
   3.6378900e-23
   3.6185809e-23
   3.5994076e-23
   3.5803684e-23
   3.5614621e-23
   3.5426871e-23
   3.5240421e-23
   3.5055258e-23
   3.4871366e-23
   3.4688734e-23
   3.4507348e-23
   3.4327195e-23
   3.4148263e-23
   3.3970539e-23
   3.3794010e-23
   3.3618666e-23
   3.3444493e-23
   3.3271480e-23
   3.3099617e-23
   3.2928890e-23
   3.2759289e-23
   3.2590804e-23
   3.2423423e-23
   3.2257136e-23
   3.2091932e-23
   3.1927801e-23
   3.1764732e-23
   3.1602716e-23
   3.1441743e-23
   3.1281803e-23
   3.1122887e-23
   3.0964985e-23
   3.0808087e-23
   3.0652185e-23
   3.0497269e-23
   3.0343331e-23
   3.0190362e-23
   3.0038353e-23
   2.9887296e-23
   2.9737182e-23
   2.9588003e-23
   2.9439751e-23
   2.9292418e-23
   2.9145995e-23
   2.9000475e-23
   2.8855851e-23
   2.8712114e-23
   2.8569258e-23
   2.8427274e-23
   2.8286155e-23
   2.8145895e-23
   2.8006486e-23
   2.7867920e-23
   2.7730192e-23
   2.7593294e-23
   2.7457220e-23
   2.7321962e-23
   2.7187515e-23
   2.7053871e-23
   2.6921025e-23
   2.6788969e-23
   2.6657699e-23
   2.6527207e-23
   2.6397487e-23
   2.6268534e-23
   2.6140342e-23
   2.6012904e-23
   2.5886215e-23
   2.5760269e-23
   2.5635061e-23
   2.5510584e-23
   2.5386834e-23
   2.5263805e-23
   2.5141492e-23
   2.5019888e-23
   2.4898990e-23
   2.4778791e-23
   2.4659287e-23
   2.4540472e-23
   2.4422342e-23
   2.4304891e-23
   2.4188115e-23
   2.4072008e-23
   2.3956567e-23
   2.3841785e-23
   2.3727659e-23
   2.3614184e-23
   2.3501356e-23
   2.3389169e-23
   2.3277619e-23
   2.3166702e-23
   2.3056413e-23
   2.2946749e-23
   2.2837704e-23
   2.2729274e-23
   2.2621456e-23
   2.2514245e-23
   2.2407637e-23
   2.2301628e-23
   2.2196214e-23
   2.2091390e-23
   2.1987154e-23
   2.1883500e-23
   2.1780426e-23
   2.1677927e-23
   2.1575999e-23
   2.1474640e-23
   2.1373844e-23
   2.1273608e-23
   2.1173929e-23
   2.1074804e-23
   2.0976227e-23
   2.0878197e-23
   2.0780709e-23
   2.0683760e-23
   2.0587347e-23
   2.0491466e-23
   2.0396113e-23
   2.0301286e-23
   2.0206981e-23
   2.0113194e-23
   2.0019924e-23
   1.9927165e-23
   1.9834916e-23
   1.9743173e-23
   1.9651932e-23
   1.9561191e-23
   1.9470947e-23
   1.9381197e-23
   1.9291937e-23
   1.9203164e-23
   1.9114877e-23
   1.9027071e-23
   1.8939743e-23
   1.8852892e-23
   1.8766514e-23
   1.8680605e-23
   1.8595165e-23
   1.8510188e-23
   1.8425674e-23
   1.8341618e-23
   1.8258019e-23
   1.8174874e-23
   1.8092179e-23
   1.8009933e-23
   1.7928133e-23
   1.7846775e-23
   1.7765858e-23
   1.7685379e-23
   1.7605336e-23
   1.7525725e-23
   1.7446545e-23
   1.7367792e-23
   1.7289465e-23
   1.7211561e-23
   1.7134078e-23
   1.7057012e-23
   1.6980363e-23
   1.6904127e-23
   1.6828301e-23
   1.6752885e-23
   1.6677875e-23
   1.6603270e-23
   1.6529066e-23
   1.6455261e-23
   1.6381855e-23
   1.6308843e-23
   1.6236224e-23
   1.6163996e-23
   1.6092157e-23
   1.6020704e-23
   1.5949636e-23
   1.5878950e-23
   1.5808644e-23
   1.5738715e-23
   1.5669163e-23
   1.5599985e-23
   1.5531179e-23
   1.5462742e-23
   1.5394673e-23
   1.5326970e-23
   1.5259631e-23
   1.5192654e-23
   1.5126037e-23
   1.5059777e-23
   1.4993874e-23
   1.4928325e-23
   1.4863128e-23
   1.4798282e-23
   1.4733784e-23
   1.4669633e-23
   1.4605826e-23
   1.4542363e-23
   1.4479241e-23
   1.4416458e-23
   1.4354012e-23
   1.4291903e-23
   1.4230127e-23
   1.4168684e-23
   1.4107571e-23
   1.4046787e-23
   1.3986330e-23
   1.3926199e-23
   1.3866391e-23
   1.3806905e-23
   1.3747739e-23
   1.3688892e-23
   1.3630363e-23
   1.3572148e-23
   1.3514247e-23
   1.3456659e-23
   1.3399381e-23
   1.3342411e-23
   1.3285750e-23
   1.3229394e-23
   1.3173342e-23
   1.3117593e-23
   1.3062144e-23
   1.3006996e-23
   1.2952145e-23
   1.2897592e-23
   1.2843333e-23
   1.2789367e-23
   1.2735694e-23
   1.2682311e-23
   1.2629218e-23
   1.2576412e-23
   1.2523892e-23
   1.2471657e-23
   1.2419706e-23
   1.2368036e-23
   1.2316647e-23
   1.2265537e-23
   1.2214704e-23
   1.2164148e-23
   1.2113867e-23
   1.2063859e-23
   1.2014124e-23
   1.1964660e-23
   1.1915465e-23
   1.1866538e-23
   1.1817878e-23
   1.1769484e-23
   1.1721354e-23
   1.1673487e-23
   1.1625881e-23
   1.1578536e-23
   1.1531450e-23
   1.1484621e-23
   1.1438049e-23
   1.1391733e-23
   1.1345670e-23
   1.1299860e-23
   1.1254302e-23
   1.1208994e-23
   1.1163935e-23
   1.1119124e-23
   1.1074559e-23
   1.1030240e-23
   1.0986166e-23
   1.0942334e-23
   1.0898744e-23
   1.0855395e-23
   1.0812285e-23
   1.0769414e-23
   1.0726780e-23
   1.0684382e-23
   1.0642219e-23
   1.0600290e-23
   1.0558593e-23
   1.0517128e-23
   1.0475894e-23
   1.0434888e-23
   1.0394111e-23
   1.0353561e-23
   1.0313237e-23
   1.0273138e-23
   1.0233262e-23
   1.0193610e-23
   1.0154179e-23
   1.0114969e-23
   1.0075978e-23
   1.0037206e-23
   9.9986507e-24
   9.9603123e-24
   9.9221892e-24
   9.8842804e-24
   9.8465850e-24
   9.8091018e-24
   9.7718299e-24
   9.7347682e-24
   9.6979158e-24
   9.6612716e-24
   9.6248346e-24
   9.5886039e-24
   9.5525784e-24
   9.5167572e-24
   9.4811393e-24
   9.4457237e-24
   9.4105095e-24
   9.3754956e-24
   9.3406812e-24
   9.3060652e-24
   9.2716468e-24
   9.2374250e-24
   9.2033988e-24
   9.1695673e-24
   9.1359295e-24
   9.1024846e-24
   9.0692316e-24
   9.0361696e-24
   9.0032977e-24
   8.9706150e-24
   8.9381205e-24
   8.9058134e-24
   8.8736928e-24
   8.8417577e-24
   8.8100073e-24
   8.7784408e-24
   8.7470571e-24
   8.7158554e-24
   8.6848349e-24
   8.6539947e-24
   8.6233339e-24
   8.5928517e-24
   8.5625472e-24
   8.5324195e-24
   8.5024678e-24
   8.4726913e-24
   8.4430891e-24
   8.4136603e-24
   8.3844041e-24
   8.3553198e-24
   8.3264064e-24
   8.2976631e-24
   8.2690891e-24
   8.2406837e-24
   8.2124459e-24
   8.1843749e-24
   8.1564701e-24
   8.1287304e-24
   8.1011552e-24
   8.0737437e-24
   8.0464950e-24
   8.0194084e-24
   7.9924830e-24
   7.9657181e-24
   7.9391129e-24
   7.9126666e-24
   7.8863785e-24
   7.8602477e-24
   7.8342735e-24
   7.8084552e-24
   7.7827919e-24
   7.7572829e-24
   7.7319274e-24
   7.7067248e-24
   7.6816741e-24
   7.6567747e-24
   7.6320259e-24
   7.6074269e-24
   7.5829769e-24
   7.5586752e-24
   7.5345211e-24
   7.5105138e-24
   7.4866527e-24
   7.4629369e-24
   7.4393658e-24
   7.4159386e-24
   7.3926546e-24
   7.3695131e-24
   7.3465135e-24
   7.3236548e-24
   7.3009366e-24
   7.2783580e-24
   7.2559183e-24
   7.2336169e-24
   7.2114531e-24
   7.1894261e-24
   7.1675353e-24
   7.1457799e-24
   7.1241594e-24
   7.1026729e-24
   7.0813198e-24
   7.0600995e-24
   7.0390112e-24
   7.0180543e-24
   6.9972281e-24
   6.9765320e-24
   6.9559652e-24
   6.9355271e-24
   6.9152170e-24
   6.8950343e-24
   6.8749783e-24
   6.8550483e-24
   6.8352438e-24
   6.8155639e-24
   6.7960082e-24
   6.7765759e-24
   6.7572664e-24
   6.7380791e-24
   6.7190133e-24
   6.7000683e-24
   6.6812436e-24
   6.6625385e-24
   6.6439524e-24
   6.6254845e-24
   6.6071344e-24
   6.5889014e-24
   6.5707848e-24
   6.5527841e-24
   6.5348986e-24
   6.5171277e-24
   6.4994707e-24
   6.4819272e-24
   6.4644964e-24
   6.4471777e-24
   6.4299706e-24
   6.4128744e-24
   6.3958885e-24
   6.3790124e-24
   6.3622454e-24
   6.3455870e-24
   6.3290364e-24
   6.3125933e-24
   6.2962569e-24
   6.2800267e-24
   6.2639020e-24
   6.2478824e-24
   6.2319671e-24
   6.2161557e-24
   6.2004476e-24
   6.1848421e-24
   6.1693388e-24
   6.1539370e-24
   6.1386362e-24
   6.1234357e-24
   6.1083351e-24
   6.0933338e-24
   6.0784311e-24
   6.0636266e-24
   6.0489197e-24
   6.0343098e-24
   6.0197964e-24
   6.0053789e-24
   5.9910568e-24
   5.9768296e-24
   5.9626966e-24
   5.9486573e-24
   5.9347112e-24
   5.9208578e-24
   5.9070965e-24
   5.8934267e-24
   5.8798480e-24
   5.8663598e-24
   5.8529616e-24
   5.8396529e-24
   5.8264330e-24
   5.8133016e-24
   5.8002580e-24
   5.7873018e-24
   5.7744325e-24
   5.7616494e-24
   5.7489521e-24
   5.7363402e-24
   5.7238130e-24
   5.7113701e-24
   5.6990109e-24
   5.6867350e-24
   5.6745419e-24
   5.6624310e-24
   5.6504018e-24
   5.6384540e-24
   5.6265868e-24
   5.6148000e-24
   5.6030929e-24
   5.5914651e-24
   5.5799161e-24
   5.5684454e-24
   5.5570525e-24
   5.5457370e-24
   5.5344983e-24
   5.5233360e-24
   5.5122496e-24
   5.5012387e-24
   5.4903027e-24
   5.4794412e-24
   5.4686538e-24
   5.4579399e-24
   5.4472991e-24
   5.4367309e-24
   5.4262349e-24
   5.4158106e-24
   5.4054575e-24
   5.3951753e-24
   5.3849634e-24
   5.3748213e-24
   5.3647488e-24
   5.3547452e-24
   5.3448102e-24
   5.3349433e-24
   5.3251440e-24
   5.3154120e-24
   5.3057468e-24
   5.2961479e-24
   5.2866150e-24
   5.2771475e-24
   5.2677451e-24
   5.2584074e-24
   5.2491338e-24
   5.2399240e-24
   5.2307776e-24
   5.2216942e-24
   5.2126732e-24
   5.2037144e-24
   5.1948172e-24
   5.1859813e-24
   5.1772063e-24
   5.1684918e-24
   5.1598373e-24
   5.1512425e-24
   5.1427069e-24
   5.1342301e-24
   5.1258118e-24
   5.1174516e-24
   5.1091490e-24
   5.1009037e-24
   5.0927152e-24
   5.0845832e-24
   5.0765074e-24
   5.0684872e-24
   5.0605224e-24
   5.0526125e-24
   5.0447571e-24
   5.0369560e-24
   5.0292087e-24
   5.0215148e-24
   5.0138739e-24
   5.0062858e-24
   4.9987500e-24
   4.9912662e-24
   4.9838339e-24
   4.9764529e-24
   4.9691228e-24
   4.9618432e-24
   4.9546137e-24
   4.9474341e-24
   4.9403039e-24
   4.9332228e-24
   4.9261904e-24
   4.9192065e-24
   4.9122706e-24
   4.9053825e-24
   4.8985417e-24
   4.8917479e-24
   4.8850009e-24
   4.8783002e-24
   4.8716455e-24
   4.8650366e-24
   4.8584729e-24
   4.8519544e-24
   4.8454805e-24
   4.8390510e-24
   4.8326656e-24
   4.8263239e-24
   4.8200257e-24
   4.8137705e-24
   4.8075582e-24
   4.8013883e-24
   4.7952606e-24
   4.7891747e-24
   4.7831304e-24
   4.7771273e-24
   4.7711651e-24
   4.7652436e-24
   4.7593624e-24
   4.7535212e-24
   4.7477198e-24
   4.7419577e-24
   4.7362349e-24
   4.7305509e-24
   4.7249054e-24
   4.7192982e-24
   4.7137290e-24
   4.7081975e-24
   4.7027035e-24
   4.6972465e-24
   4.6918264e-24
   4.6864429e-24
   4.6810957e-24
   4.6757845e-24
   4.6705090e-24
   4.6652691e-24
   4.6600643e-24
   4.6548945e-24
   4.6497594e-24
   4.6446587e-24
   4.6395921e-24
   4.6345595e-24
   4.6295604e-24
   4.6245948e-24
   4.6196622e-24
   4.6147625e-24
   4.6098955e-24
   4.6050608e-24
   4.6002581e-24
   4.5954874e-24
   4.5907483e-24
   4.5860405e-24
   4.5813639e-24
   4.5767182e-24
   4.5721031e-24
   4.5675184e-24
   4.5629639e-24
   4.5584394e-24
   4.5539446e-24
   4.5494792e-24
   4.5450431e-24
   4.5406360e-24
   4.5362576e-24
   4.5319079e-24
   4.5275865e-24
   4.5232932e-24
   4.5190278e-24
   4.5147901e-24
   4.5105799e-24
   4.5063969e-24
   4.5022409e-24
   4.4981118e-24
   4.4940093e-24
   4.4899331e-24
   4.4858832e-24
   4.4818592e-24
   4.4778610e-24
   4.4738884e-24
   4.4699412e-24
   4.4660191e-24
   4.4621220e-24
   4.4582497e-24
   4.4544019e-24
   4.4505786e-24
   4.4467794e-24
   4.4430042e-24
   4.4392528e-24
   4.4355250e-24
   4.4318207e-24
   4.4281396e-24
   4.4244815e-24
   4.4208463e-24
   4.4172338e-24
   4.4136438e-24
   4.4100761e-24
   4.4065305e-24
   4.4030070e-24
   4.3995052e-24
   4.3960250e-24
   4.3925663e-24
   4.3891288e-24
   4.3857125e-24
   4.3823170e-24
   4.3789424e-24
   4.3755883e-24
   4.3722547e-24
   4.3689413e-24
   4.3656480e-24
   4.3623747e-24
   4.3591211e-24
   4.3558872e-24
   4.3526727e-24
   4.3494776e-24
   4.3463015e-24
   4.3431445e-24
   4.3400063e-24
   4.3368868e-24
   4.3337859e-24
   4.3307033e-24
   4.3276390e-24
   4.3245928e-24
   4.3215645e-24
   4.3185540e-24
   4.3155611e-24
   4.3125858e-24
   4.3096279e-24
   4.3066872e-24
   4.3037636e-24
   4.3008569e-24
   4.2979671e-24
   4.2950939e-24
   4.2922373e-24
   4.2893971e-24
   4.2865731e-24
   4.2837654e-24
   4.2809736e-24
   4.2781978e-24
   4.2754376e-24
   4.2726932e-24
   4.2699642e-24
   4.2672506e-24
   4.2645523e-24
   4.2618691e-24
   4.2592009e-24
   4.2565476e-24
   4.2539091e-24
   4.2512852e-24
   4.2486758e-24
   4.2460809e-24
   4.2435003e-24
   4.2409338e-24
   4.2383814e-24
   4.2358430e-24
   4.2333184e-24
   4.2308076e-24
   4.2283103e-24
   4.2258266e-24
   4.2233563e-24
   4.2208993e-24
   4.2184554e-24
   4.2160247e-24
   4.2136069e-24
   4.2112020e-24
   4.2088099e-24
   4.2064304e-24
   4.2040635e-24
   4.2017090e-24
   4.1993669e-24
   4.1970371e-24
   4.1947195e-24
   4.1924139e-24
   4.1901203e-24
   4.1878386e-24
   4.1855686e-24
   4.1833104e-24
   4.1810637e-24
   4.1788286e-24
   4.1766048e-24
   4.1743924e-24
   4.1721912e-24
   4.1700012e-24
   4.1678222e-24
   4.1656542e-24
   4.1634971e-24
   4.1613507e-24
   4.1592151e-24
   4.1570901e-24
   4.1549756e-24
   4.1528716e-24
   4.1507780e-24
   4.1486946e-24
   4.1466215e-24
   4.1445585e-24
   4.1425056e-24
   4.1404626e-24
   4.1384295e-24
   4.1364063e-24
   4.1343928e-24
   4.1323890e-24
   4.1303947e-24
   4.1284100e-24
   4.1264347e-24
   4.1244688e-24
   4.1225122e-24
   4.1205649e-24
   4.1186266e-24
   4.1166975e-24
   4.1147774e-24
   4.1128662e-24
   4.1109639e-24
   4.1090705e-24
   4.1071857e-24
   4.1053097e-24
   4.1034422e-24
   4.1015833e-24
   4.0997329e-24
   4.0978909e-24
   4.0960572e-24
   4.0942319e-24
   4.0924147e-24
   4.0906057e-24
   4.0888049e-24
   4.0870120e-24
   4.0852272e-24
   4.0834503e-24
   4.0816812e-24
   4.0799200e-24
   4.0781665e-24
   4.0764206e-24
   4.0746825e-24
   4.0729519e-24
   4.0712288e-24
   4.0695132e-24
   4.0678050e-24
   4.0661041e-24
   4.0644106e-24
   4.0627243e-24
   4.0610452e-24
   4.0593733e-24
   4.0577084e-24
   4.0560506e-24
   4.0543998e-24
   4.0527559e-24
   4.0511189e-24
   4.0494888e-24
   4.0478655e-24
   4.0462489e-24
   4.0446390e-24
   4.0430357e-24
   4.0414391e-24
   4.0398490e-24
   4.0382655e-24
   4.0366884e-24
   4.0351177e-24
   4.0335534e-24
   4.0319954e-24
   4.0304438e-24
   4.0288983e-24
   4.0273591e-24
   4.0258261e-24
   4.0242991e-24
   4.0227783e-24
   4.0212635e-24
   4.0197546e-24
   4.0182518e-24
   4.0167548e-24
   4.0152637e-24
   4.0137785e-24
   4.0122991e-24
   4.0108254e-24
   4.0093574e-24
   4.0078952e-24
   4.0064386e-24
   4.0049876e-24
   4.0035421e-24
   4.0021022e-24
   4.0006679e-24
   3.9992389e-24
   3.9978155e-24
   3.9963974e-24
   3.9949846e-24
   3.9935773e-24
   3.9921752e-24
   3.9907783e-24
   3.9893868e-24
   3.9880004e-24
   3.9866191e-24
   3.9852430e-24
   3.9838721e-24
   3.9825062e-24
   3.9811453e-24
   3.9797894e-24
   3.9784386e-24
   3.9770926e-24
   3.9757516e-24
   3.9744155e-24
   3.9730843e-24
   3.9717579e-24
   3.9704363e-24
   3.9691195e-24
   3.9678074e-24
   3.9665001e-24
   3.9651974e-24
   3.9638995e-24
   3.9626062e-24
   3.9613175e-24
   3.9600333e-24
   3.9587538e-24
   3.9574788e-24
   3.9562083e-24
   3.9549423e-24
   3.9536808e-24
   3.9524238e-24
   3.9511711e-24
   3.9499229e-24
   3.9486790e-24
   3.9474395e-24
   3.9462043e-24
   3.9449734e-24
   3.9437468e-24
   3.9425244e-24
   3.9413063e-24
   3.9400924e-24
   3.9388827e-24
   3.9376772e-24
   3.9364758e-24
   3.9352786e-24
   3.9340855e-24
   3.9328965e-24
   3.9317115e-24
   3.9305306e-24
   3.9293538e-24
   3.9281809e-24
   3.9270121e-24
   3.9258472e-24
   3.9246863e-24
   3.9235293e-24
   3.9223763e-24
   3.9212272e-24
   3.9200819e-24
   3.9189406e-24
   3.9178030e-24
   3.9166694e-24
   3.9155395e-24
   3.9144135e-24
   3.9132912e-24
   3.9121727e-24
   3.9110580e-24
   3.9099470e-24
   3.9088397e-24
   3.9077361e-24
   3.9066363e-24
   3.9055401e-24
   3.9044476e-24
   3.9033587e-24
   3.9022734e-24
   3.9011918e-24
   3.9001138e-24
   3.8990394e-24
   3.8979686e-24
   3.8969013e-24
   3.8958376e-24
   3.8947775e-24
   3.8937208e-24
   3.8926677e-24
   3.8916181e-24
   3.8905720e-24
   3.8895293e-24
   3.8884901e-24
   3.8874544e-24
   3.8864221e-24
   3.8853933e-24
   3.8843679e-24
   3.8833458e-24
   3.8823272e-24
   3.8813120e-24
   3.8803001e-24
   3.8792917e-24
   3.8782865e-24
   3.8772848e-24
   3.8762863e-24
   3.8752912e-24
   3.8742994e-24
   3.8733109e-24
   3.8723257e-24
   3.8713438e-24
   3.8703652e-24
   3.8693898e-24
   3.8684177e-24
   3.8674489e-24
   3.8664833e-24
   3.8655209e-24
   3.8645618e-24
   3.8636059e-24
   3.8626532e-24
   3.8617037e-24
   3.8607574e-24
   3.8598143e-24
   3.8588743e-24
   3.8579376e-24
   3.8570040e-24
   3.8560736e-24
   3.8551463e-24
   3.8542222e-24
   3.8533012e-24
   3.8523833e-24
   3.8514686e-24
   3.8505570e-24
   3.8496485e-24
   3.8487431e-24
   3.8478408e-24
   3.8469416e-24
   3.8460455e-24
   3.8451525e-24
   3.8442626e-24
   3.8433757e-24
   3.8424919e-24
   3.8416112e-24
   3.8407335e-24
   3.8398589e-24
   3.8389873e-24
   3.8381188e-24
   3.8372533e-24
   3.8363909e-24
   3.8355315e-24
   3.8346751e-24
   3.8338217e-24
   3.8329714e-24
   3.8321241e-24
   3.8312797e-24
   3.8304384e-24
   3.8296001e-24
   3.8287648e-24
   3.8279325e-24
   3.8271032e-24
   3.8262769e-24
   3.8254536e-24
   3.8246332e-24
   3.8238159e-24
   3.8230015e-24
   3.8221901e-24
   3.8213816e-24
   3.8205762e-24
   3.8197737e-24
   3.8189742e-24
   3.8181776e-24
   3.8173840e-24
   3.8165934e-24
   3.8158057e-24
   3.8150210e-24
   3.8142392e-24
   3.8134604e-24
   3.8126845e-24
   3.8119116e-24
   3.8111417e-24
   3.8103746e-24
   3.8096106e-24
   3.8088495e-24
   3.8080913e-24
   3.8073360e-24
   3.8065838e-24
   3.8058344e-24
   3.8050880e-24
   3.8043445e-24
   3.8036040e-24
   3.8028664e-24
   3.8021318e-24
   3.8014001e-24
   3.8006713e-24
   3.7999455e-24
   3.7992226e-24
   3.7985026e-24
   3.7977856e-24
   3.7970715e-24
   3.7963604e-24
   3.7956522e-24
   3.7949469e-24
   3.7942446e-24
   3.7935452e-24
   3.7928488e-24
   3.7921553e-24
   3.7914647e-24
   3.7907771e-24
   3.7900924e-24
   3.7894107e-24
   3.7887319e-24
   3.7880561e-24
   3.7873832e-24
   3.7867133e-24
   3.7860463e-24
   3.7853823e-24
   3.7847212e-24
   3.7840631e-24
   3.7834080e-24
   3.7827558e-24
   3.7821065e-24
   3.7814603e-24
   3.7808169e-24
   3.7801766e-24
   3.7795392e-24
   3.7789048e-24
   3.7782734e-24
   3.7776450e-24
   3.7770195e-24
   3.7763970e-24
   3.7757775e-24
   3.7751609e-24
   3.7745474e-24
   3.7739369e-24
   3.7733293e-24
   3.7727247e-24
   3.7721232e-24
   3.7715246e-24
   3.7709291e-24
   3.7703365e-24
   3.7697470e-24
   3.7691605e-24
   3.7685769e-24
   3.7679965e-24
   3.7674190e-24
   3.7668445e-24
   3.7662731e-24
   3.7657048e-24
   3.7651394e-24
   3.7645771e-24
   3.7640179e-24
   3.7634617e-24
   3.7629085e-24
   3.7623584e-24
   3.7618114e-24
   3.7612674e-24
   3.7607265e-24
   3.7601887e-24
   3.7596539e-24
   3.7591222e-24
   3.7585936e-24
   3.7580681e-24
   3.7575457e-24
   3.7570264e-24
   3.7565102e-24
   3.7559971e-24
   3.7554871e-24
   3.7549802e-24
   3.7544764e-24
   3.7539758e-24
   3.7534783e-24
   3.7529839e-24
   3.7524927e-24
   3.7520046e-24
   3.7515197e-24
   3.7510379e-24
   3.7505593e-24
   3.7500838e-24
   3.7496115e-24
   3.7491424e-24
   3.7486765e-24
   3.7482137e-24
   3.7477542e-24
   3.7472978e-24
   3.7468447e-24
   3.7463947e-24
   3.7459480e-24
   3.7455045e-24
   3.7450642e-24
   3.7446272e-24
   3.7441934e-24
   3.7437628e-24
   3.7433355e-24
   3.7429114e-24
   3.7424906e-24
   3.7420731e-24
   3.7416588e-24
   3.7412478e-24
   3.7408401e-24
   3.7404358e-24
   3.7400347e-24
   3.7396369e-24
   3.7392424e-24
   3.7388512e-24
   3.7384634e-24
   3.7380789e-24
   3.7376977e-24
   3.7373199e-24
   3.7369454e-24
   3.7365743e-24
   3.7362066e-24
   3.7358422e-24
   3.7354812e-24
   3.7351236e-24
   3.7347694e-24
   3.7344186e-24
   3.7340712e-24
   3.7337273e-24
   3.7333867e-24
   3.7330496e-24
   3.7327159e-24
   3.7323857e-24
   3.7320589e-24
   3.7317356e-24
   3.7314157e-24
   3.7310994e-24
   3.7307865e-24
   3.7304771e-24
   3.7301712e-24
   3.7298688e-24
   3.7295699e-24
   3.7292746e-24
   3.7289828e-24
   3.7286945e-24
   3.7284098e-24
   3.7281286e-24
   3.7278510e-24
   3.7275769e-24
   3.7273065e-24
   3.7270396e-24
   3.7267764e-24
   3.7265167e-24
   3.7262607e-24
   3.7260083e-24
   3.7257595e-24
   3.7255143e-24
   3.7252728e-24
   3.7250350e-24
   3.7248008e-24
   3.7245703e-24
   3.7243435e-24
   3.7241204e-24
   3.7239010e-24
   3.7236853e-24
   3.7234733e-24
   3.7232651e-24
   3.7230606e-24
   3.7228598e-24
   3.7226629e-24
   3.7224696e-24
   3.7222802e-24
   3.7220945e-24
   3.7219127e-24
   3.7217346e-24
   3.7215604e-24
   3.7213900e-24
   3.7212234e-24
   3.7210607e-24
   3.7209018e-24
   3.7207468e-24
   3.7205956e-24
   3.7204484e-24
   3.7203050e-24
   3.7201656e-24
   3.7200301e-24
   3.7198984e-24
   3.7197708e-24
   3.7196471e-24
   3.7195273e-24
   3.7194115e-24
   3.7192997e-24
   3.7191918e-24
   3.7190880e-24
   3.7189882e-24
   3.7188924e-24
   3.7188006e-24
   3.7187129e-24
   3.7186292e-24
   3.7185496e-24
   3.7184740e-24
   3.7184026e-24
   3.7183352e-24
   3.7182720e-24
   3.7182129e-24
   3.7181579e-24
   3.7181070e-24
   3.7180603e-24
   3.7180178e-24
   3.7179794e-24
   3.7179452e-24
   3.7179152e-24
   3.7178895e-24
   3.7178679e-24
   3.7178506e-24
   3.7178376e-24
   3.7178287e-24
   3.7178242e-24
   3.7178239e-24
   3.7178280e-24
   3.7178363e-24
   3.7178490e-24
   3.7178660e-24
   3.7178873e-24
   3.7179130e-24
   3.7179430e-24
   3.7179774e-24
   3.7180162e-24
   3.7180595e-24
   3.7181071e-24
   3.7181592e-24
   3.7182157e-24
   3.7182766e-24
   3.7183420e-24
   3.7184119e-24
   3.7184863e-24
   3.7185652e-24
   3.7186486e-24
   3.7187366e-24
   3.7188291e-24
   3.7189261e-24
   3.7190277e-24
   3.7191339e-24
   3.7192447e-24
   3.7193601e-24
   3.7194802e-24
   3.7196048e-24
   3.7197341e-24
   3.7198681e-24
   3.7200068e-24
   3.7201501e-24
   3.7202982e-24
   3.7204509e-24
   3.7206085e-24
   3.7207707e-24
   3.7209377e-24
   3.7211095e-24
   3.7212861e-24
   3.7214674e-24
   3.7216536e-24
   3.7218446e-24
   3.7220405e-24
   3.7222412e-24
   3.7224468e-24
   3.7226573e-24
   3.7228727e-24
   3.7230930e-24
   3.7233183e-24
   3.7235485e-24
   3.7237836e-24
   3.7240237e-24
   3.7242689e-24
   3.7245190e-24
   3.7247741e-24
   3.7250343e-24
   3.7252996e-24
   3.7255699e-24
   3.7258452e-24
   3.7261257e-24
   3.7264113e-24
   3.7267020e-24
   3.7269979e-24
   3.7272989e-24
   3.7276051e-24
   3.7279165e-24
   3.7282331e-24
   3.7285549e-24
   3.7288820e-24
   3.7292143e-24
   3.7295519e-24
   3.7298947e-24
   3.7302429e-24
   3.7305964e-24
   3.7309552e-24
   3.7313194e-24
   3.7316889e-24
   3.7320638e-24
   3.7324442e-24
   3.7328299e-24
   3.7332211e-24
   3.7336177e-24
   3.7340198e-24
   3.7344274e-24
   3.7348404e-24
   3.7352590e-24
   3.7356831e-24
   3.7361128e-24
   3.7365480e-24
   3.7369889e-24
   3.7374353e-24
   3.7378873e-24
   3.7383450e-24
   3.7388084e-24
   3.7392774e-24
   3.7397521e-24
   3.7402325e-24
   3.7407186e-24
   3.7412105e-24
   3.7417081e-24
   3.7422115e-24
   3.7427207e-24
   3.7432358e-24
   3.7437566e-24
   3.7442833e-24
   3.7448159e-24
   3.7453544e-24
   3.7458987e-24
   3.7464490e-24
   3.7470052e-24
   3.7475674e-24
   3.7481356e-24
   3.7487098e-24
   3.7492900e-24
   3.7498762e-24
   3.7504685e-24
   3.7510668e-24
   3.7516713e-24
   3.7522818e-24
   3.7528985e-24
   3.7535213e-24
   3.7541503e-24
   3.7547855e-24
   3.7554269e-24
   3.7560745e-24
   3.7567284e-24
   3.7573885e-24
   3.7580550e-24
   3.7587277e-24
   3.7594067e-24
   3.7600921e-24
   3.7607839e-24
   3.7614821e-24
   3.7621866e-24
   3.7628976e-24
   3.7636150e-24
   3.7643389e-24
   3.7650693e-24
   3.7658062e-24
   3.7665496e-24
   3.7672996e-24
   3.7680561e-24
   3.7688192e-24
   3.7695890e-24
   3.7703653e-24
   3.7711483e-24
   3.7719380e-24
   3.7727344e-24
   3.7735375e-24
   3.7743474e-24
   3.7751639e-24
   3.7759873e-24
   3.7768175e-24
   3.7776545e-24
   3.7784984e-24
   3.7793491e-24
   3.7802067e-24
   3.7810712e-24
   3.7819426e-24
   3.7828210e-24
   3.7837064e-24
   3.7845988e-24
   3.7854981e-24
   3.7864046e-24
   3.7873181e-24
   3.7882387e-24
   3.7891664e-24
   3.7901012e-24
   3.7910432e-24
   3.7919923e-24
   3.7929487e-24
   3.7939123e-24
   3.7948831e-24
   3.7958612e-24
   3.7968466e-24
   3.7978394e-24
   3.7988394e-24
   3.7998469e-24
   3.8008617e-24
   3.8018839e-24
   3.8029135e-24
   3.8039507e-24
   3.8049953e-24
   3.8060474e-24
   3.8071070e-24
   3.8081742e-24
   3.8092490e-24
   3.8103314e-24
   3.8114214e-24
   3.8125191e-24
   3.8136244e-24
   3.8147374e-24
   3.8158582e-24
   3.8169867e-24
   3.8181230e-24
   3.8192672e-24
   3.8204191e-24
   3.8215789e-24
   3.8227466e-24
   3.8239221e-24
   3.8251057e-24
   3.8262971e-24
   3.8274966e-24
   3.8287041e-24
   3.8299196e-24
   3.8311431e-24
   3.8323748e-24
   3.8336146e-24
   3.8348625e-24
   3.8361186e-24
   3.8373829e-24
   3.8386554e-24
   3.8399362e-24
   3.8412252e-24
   3.8425226e-24
   3.8438283e-24
   3.8451424e-24
   3.8464649e-24
   3.8477958e-24
   3.8491351e-24
   3.8504830e-24
   3.8518393e-24
   3.8532042e-24
   3.8545777e-24
   3.8559598e-24
   3.8573506e-24
   3.8587500e-24
   3.8601581e-24
   3.8615749e-24
   3.8630006e-24
   3.8644350e-24
   3.8658783e-24
   3.8673304e-24
   3.8687915e-24
   3.8702615e-24
   3.8717405e-24
   3.8732285e-24
   3.8747255e-24
   3.8762317e-24
   3.8777471e-24
   3.8792716e-24
   3.8808053e-24
   3.8823484e-24
   3.8839007e-24
   3.8854625e-24
   3.8870336e-24
   3.8886143e-24
   3.8902045e-24
   3.8918043e-24
   3.8934138e-24
   3.8950330e-24
   3.8966621e-24
   3.8983010e-24
   3.8999499e-24
   3.9016089e-24
   3.9032781e-24
   3.9049575e-24
   3.9066473e-24
   3.9083477e-24
   3.9100587e-24
   3.9117806e-24
   3.9135135e-24
   3.9152576e-24
   3.9170131e-24
   3.9187804e-24
   3.9205598e-24
   3.9223515e-24
   3.9241560e-24
   3.9259738e-24
   3.9278055e-24
   3.9296517e-24
   3.9315133e-24
   3.9333913e-24
   3.9352868e-24
   3.9372015e-24
   3.9391372e-24
   3.9410963e-24
   3.9430819e-24
   3.9450980e-24
   3.9471498e-24
   3.9492446e-24
   3.9513921e-24
   3.9536060e-24
   3.9559059e-24
   3.9583212e-24
   3.9608966e-24
   3.9637036e-24
   3.9668628e-24
   3.9705895e-24
   3.9753009e-24
   3.9818944e-24
   3.9926074e-24
   4.0143965e-24
   4.0789157e-24
   4.5329182e-24
   7.0294661e-24
   4.1659800e-24
   4.0401913e-24
   4.0116403e-24
   4.0019549e-24
   3.9983438e-24
   3.9972700e-24
   3.9974422e-24
   3.9982993e-24
   3.9995655e-24
   4.0010927e-24
   4.0027957e-24
   4.0046227e-24
   4.0065405e-24
   4.0085275e-24
   4.0105688e-24
   4.0126540e-24
   4.0147757e-24
   4.0169284e-24
   4.0191081e-24
   4.0213118e-24
   4.0235370e-24
   4.0257821e-24
   4.0280455e-24
   4.0303261e-24
   4.0326231e-24
   4.0349358e-24
   4.0372635e-24
   4.0396057e-24
   4.0419621e-24
   4.0443325e-24
   4.0467164e-24
   4.0491137e-24
   4.0515242e-24
   4.0539478e-24
   4.0563843e-24
   4.0588337e-24
   4.0612958e-24
   4.0637706e-24
   4.0662581e-24
   4.0687582e-24
   4.0712709e-24
   4.0737961e-24
   4.0763338e-24
   4.0788841e-24
   4.0814469e-24
   4.0840222e-24
   4.0866100e-24
   4.0892103e-24
   4.0918232e-24
   4.0944486e-24
   4.0970865e-24
   4.0997371e-24
   4.1024002e-24
   4.1050759e-24
   4.1077643e-24
   4.1104654e-24
   4.1131791e-24
   4.1159055e-24
   4.1186447e-24
   4.1213966e-24
   4.1241614e-24
   4.1269389e-24
   4.1297293e-24
   4.1325326e-24
   4.1353487e-24
   4.1381779e-24
   4.1410200e-24
   4.1438751e-24
   4.1467432e-24
   4.1496244e-24
   4.1525187e-24
   4.1554262e-24
   4.1583468e-24
   4.1612807e-24
   4.1642278e-24
   4.1671881e-24
   4.1701618e-24
   4.1731488e-24
   4.1761492e-24
   4.1791630e-24
   4.1821903e-24
   4.1852311e-24
   4.1882854e-24
   4.1913532e-24
   4.1944347e-24
   4.1975298e-24
   4.2006386e-24
   4.2037611e-24
   4.2068973e-24
   4.2100473e-24
   4.2132112e-24
   4.2163889e-24
   4.2195805e-24
   4.2227860e-24
   4.2260056e-24
   4.2292391e-24
   4.2324867e-24
   4.2357484e-24
   4.2390242e-24
   4.2423142e-24
   4.2456183e-24
   4.2489368e-24
   4.2522695e-24
   4.2556165e-24
   4.2589779e-24
   4.2623537e-24
   4.2657440e-24
   4.2691487e-24
   4.2725679e-24
   4.2760017e-24
   4.2794501e-24
   4.2829131e-24
   4.2863908e-24
   4.2898833e-24
   4.2933905e-24
   4.2969124e-24
   4.3004493e-24
   4.3040010e-24
   4.3075676e-24
   4.3111491e-24
   4.3147457e-24
   4.3183573e-24
   4.3219840e-24
   4.3256258e-24
   4.3292828e-24
   4.3329550e-24
   4.3366424e-24
   4.3403451e-24
   4.3440631e-24
   4.3477965e-24
   4.3515453e-24
   4.3553095e-24
   4.3590892e-24
   4.3628845e-24
   4.3666953e-24
   4.3705218e-24
   4.3743639e-24
   4.3782217e-24
   4.3820952e-24
   4.3859845e-24
   4.3898896e-24
   4.3938106e-24
   4.3977475e-24
   4.4017004e-24
   4.4056692e-24
   4.4096541e-24
   4.4136550e-24
   4.4176721e-24
   4.4217053e-24
   4.4257547e-24
   4.4298204e-24
   4.4339023e-24
   4.4380006e-24
   4.4421152e-24
   4.4462463e-24
   4.4503938e-24
   4.4545578e-24
   4.4587384e-24
   4.4629356e-24
   4.4671493e-24
   4.4713798e-24
   4.4756269e-24
   4.4798909e-24
   4.4841716e-24
   4.4884692e-24
   4.4927836e-24
   4.4971150e-24
   4.5014634e-24
   4.5058288e-24
   4.5102113e-24
   4.5146108e-24
   4.5190275e-24
   4.5234614e-24
   4.5279126e-24
   4.5323810e-24
   4.5368668e-24
   4.5413699e-24
   4.5458905e-24
   4.5504285e-24
   4.5549840e-24
   4.5595571e-24
   4.5641478e-24
   4.5687561e-24
   4.5733820e-24
   4.5780258e-24
   4.5826873e-24
   4.5873666e-24
   4.5920637e-24
   4.5967788e-24
   4.6015118e-24
   4.6062629e-24
   4.6110320e-24
   4.6158191e-24
   4.6206244e-24
   4.6254479e-24
   4.6302896e-24
   4.6351496e-24
   4.6400279e-24
   4.6449245e-24
   4.6498396e-24
   4.6547731e-24
   4.6597251e-24
   4.6646957e-24
   4.6696848e-24
   4.6746926e-24
   4.6797191e-24
   4.6847643e-24
   4.6898283e-24
   4.6949111e-24
   4.7000128e-24
   4.7051334e-24
   4.7102729e-24
   4.7154315e-24
   4.7206091e-24
   4.7258058e-24
   4.7310217e-24
   4.7362567e-24
   4.7415110e-24
   4.7467846e-24
   4.7520775e-24
   4.7573899e-24
   4.7627216e-24
   4.7680728e-24
   4.7734436e-24
   4.7788339e-24
   4.7842438e-24
   4.7896734e-24
   4.7951227e-24
   4.8005918e-24
   4.8060807e-24
   4.8115895e-24
   4.8171181e-24
   4.8226667e-24
   4.8282354e-24
   4.8338240e-24
   4.8394328e-24
   4.8450617e-24
   4.8507108e-24
   4.8563801e-24
   4.8620698e-24
   4.8677798e-24
   4.8735101e-24
   4.8792609e-24
   4.8850322e-24
   4.8908240e-24
   4.8966364e-24
   4.9024695e-24
   4.9083232e-24
   4.9141976e-24
   4.9200929e-24
   4.9260089e-24
   4.9319459e-24
   4.9379037e-24
   4.9438826e-24
   4.9498824e-24
   4.9559034e-24
   4.9619454e-24
   4.9680087e-24
   4.9740931e-24
   4.9801989e-24
   4.9863260e-24
   4.9924744e-24
   4.9986443e-24
   5.0048356e-24
   5.0110485e-24
   5.0172830e-24
   5.0235391e-24
   5.0298168e-24
   5.0361163e-24
   5.0424376e-24
   5.0487808e-24
   5.0551458e-24
   5.0615327e-24
   5.0679417e-24
   5.0743727e-24
   5.0808258e-24
   5.0873011e-24
   5.0937986e-24
   5.1003183e-24
   5.1068604e-24
   5.1134249e-24
   5.1200118e-24
   5.1266213e-24
   5.1332533e-24
   5.1399079e-24
   5.1465853e-24
   5.1532856e-24
   5.1600087e-24
   5.1667548e-24
   5.1735240e-24
   5.1803165e-24
   5.1871324e-24
   5.1939720e-24
   5.2008356e-24
   5.2077235e-24
   5.2146364e-24
   5.2215752e-24
   5.2285415e-24
   5.2355379e-24
   5.2425695e-24
   5.2496469e-24
   5.2567959e-24
   5.2640939e-24
   5.2718718e-24
   5.2832377e-24
   5.5499091e-24
   5.2953242e-24
   5.3001657e-24
   5.3068886e-24
   5.3139452e-24
   5.3211195e-24
   5.3283554e-24
   5.3356335e-24
   5.3429453e-24
   5.3502868e-24
   5.3576561e-24
   5.3650519e-24
   5.3724735e-24
   5.3799206e-24
   5.3873928e-24
   5.3948901e-24
   5.4024123e-24
   5.4099594e-24
   5.4175313e-24
   5.4251281e-24
   5.4327498e-24
   5.4403964e-24
   5.4480678e-24
   5.4557643e-24
   5.4634857e-24
   5.4712322e-24
   5.4790038e-24
   5.4868005e-24
   5.4946224e-24
   5.5024695e-24
   5.5103419e-24
   5.5182396e-24
   5.5261627e-24
   5.5341112e-24
   5.5420852e-24
   5.5500848e-24
   5.5581100e-24
   5.5661608e-24
   5.5742373e-24
   5.5823395e-24
   5.5904676e-24
   5.5986216e-24
   5.6068014e-24
   5.6150073e-24
   5.6232392e-24
   5.6314971e-24
   5.6397813e-24
   5.6480916e-24
   5.6564282e-24
   5.6647911e-24
   5.6731803e-24
   5.6815960e-24
   5.6900382e-24
   5.6985069e-24
   5.7070022e-24
   5.7155242e-24
   5.7240729e-24
   5.7326484e-24
   5.7412507e-24
   5.7498798e-24
   5.7585360e-24
   5.7672191e-24
   5.7759293e-24
   5.7846665e-24
   5.7934310e-24
   5.8022227e-24
   5.8110417e-24
   5.8198880e-24
   5.8287618e-24
   5.8376630e-24
   5.8465917e-24
   5.8555480e-24
   5.8645320e-24
   5.8735436e-24
   5.8825830e-24
   5.8916503e-24
   5.9007454e-24
   5.9098684e-24
   5.9190195e-24
   5.9281986e-24
   5.9374058e-24
   5.9466412e-24
   5.9559048e-24
   5.9651967e-24
   5.9745169e-24
   5.9838656e-24
   5.9932428e-24
   6.0026485e-24
   6.0120827e-24
   6.0215457e-24
   6.0310373e-24
   6.0405577e-24
   6.0501070e-24
   6.0596851e-24
   6.0692923e-24
   6.0789284e-24
   6.0885936e-24
   6.0982880e-24
   6.1080115e-24
   6.1177643e-24
   6.1275465e-24
   6.1373580e-24
   6.1471990e-24
   6.1570695e-24
   6.1669695e-24
   6.1768992e-24
   6.1868586e-24
   6.1968478e-24
   6.2068667e-24
   6.2169156e-24
   6.2269944e-24
   6.2371032e-24
   6.2472421e-24
   6.2574111e-24
   6.2676103e-24
   6.2778397e-24
   6.2880995e-24
   6.2983897e-24
   6.3087103e-24
   6.3190615e-24
   6.3294432e-24
   6.3398556e-24
   6.3502986e-24
   6.3607725e-24
   6.3712771e-24
   6.3818127e-24
   6.3923792e-24
   6.4029768e-24
   6.4136054e-24
   6.4242652e-24
   6.4349562e-24
   6.4456785e-24
   6.4564322e-24
   6.4672173e-24
   6.4780338e-24
   6.4888819e-24
   6.4997616e-24
   6.5106730e-24
   6.5216161e-24
   6.5325910e-24
   6.5435978e-24
   6.5546366e-24
   6.5657073e-24
   6.5768101e-24
   6.5879451e-24
   6.5991123e-24
   6.6103117e-24
   6.6215435e-24
   6.6328077e-24
   6.6441043e-24
   6.6554336e-24
   6.6667954e-24
   6.6781899e-24
   6.6896171e-24
   6.7010771e-24
   6.7125701e-24
   6.7240960e-24
   6.7356549e-24
   6.7472469e-24
   6.7588720e-24
   6.7705304e-24
   6.7822221e-24
   6.7939471e-24
   6.8057056e-24
   6.8174976e-24
   6.8293233e-24
   6.8411826e-24
   6.8530756e-24
   6.8650026e-24
   6.8769635e-24
   6.8889585e-24
   6.9009878e-24
   6.9130516e-24
   6.9251503e-24
   6.9372848e-24
   6.9494567e-24
   6.9616713e-24
   6.9739493e-24
   6.9864656e-24
   7.2077286e-24
   7.0110525e-24
   7.0232196e-24
   7.0355871e-24
   7.0480147e-24
   7.0604847e-24
   7.0729925e-24
   7.0855368e-24
   7.0981170e-24
   7.1107327e-24
   7.1233840e-24
   7.1360708e-24
   7.1487931e-24
   7.1615509e-24
   7.1743444e-24
   7.1871735e-24
   7.2000384e-24
   7.2129391e-24
   7.2258756e-24
   7.2388480e-24
   7.2518565e-24
   7.2649010e-24
   7.2779817e-24
   7.2910986e-24
   7.3042517e-24
   7.3174413e-24
   7.3306673e-24
   7.3439298e-24
   7.3572289e-24
   7.3705646e-24
   7.3839371e-24
   7.3973464e-24
   7.4107926e-24
   7.4242757e-24
   7.4377959e-24
   7.4513532e-24
   7.4649477e-24
   7.4785794e-24
   7.4922485e-24
   7.5059550e-24
   7.5196991e-24
   7.5334806e-24
   7.5472999e-24
   7.5611568e-24
   7.5750516e-24
   7.5889842e-24
   7.6029549e-24
   7.6169635e-24
   7.6310103e-24
   7.6450952e-24
   7.6592184e-24
   7.6733800e-24
   7.6875800e-24
   7.7018186e-24
   7.7160957e-24
   7.7304114e-24
   7.7447659e-24
   7.7591593e-24
   7.7735915e-24
   7.7880628e-24
   7.8025730e-24
   7.8171225e-24
   7.8317112e-24
   7.8463391e-24
   7.8610065e-24
   7.8757133e-24
   7.8904597e-24
   7.9052457e-24
   7.9200714e-24
   7.9349369e-24
   7.9498423e-24
   7.9647876e-24
   7.9797730e-24
   7.9947985e-24
   8.0098642e-24
   8.0249702e-24
   8.0401165e-24
   8.0553033e-24
   8.0705306e-24
   8.0857986e-24
   8.1011073e-24
   8.1164567e-24
   8.1318470e-24
   8.1472783e-24
   8.1627506e-24
   8.1782640e-24
   8.1938186e-24
   8.2094145e-24
   8.2250518e-24
   8.2407306e-24
   8.2564508e-24
   8.2722128e-24
   8.2880164e-24
   8.3038619e-24
   8.3197492e-24
   8.3356785e-24
   8.3516499e-24
   8.3676634e-24
   8.3837192e-24
   8.3998172e-24
   8.4159577e-24
   8.4321407e-24
   8.4483663e-24
   8.4646345e-24
   8.4809455e-24
   8.4972994e-24
   8.5136962e-24
   8.5301360e-24
   8.5466189e-24
   8.5631450e-24
   8.5797144e-24
   8.5963273e-24
   8.6129835e-24
   8.6296834e-24
   8.6464269e-24
   8.6632141e-24
   8.6800452e-24
   8.6969203e-24
   8.7138393e-24
   8.7308026e-24
   8.7478101e-24
   8.7648619e-24
   8.7819584e-24
   8.7990998e-24
   8.8162870e-24
   8.8335228e-24
   8.8508297e-24
   8.9355305e-24
   8.8855165e-24
   8.9028896e-24
   8.9203374e-24
   8.9378346e-24
   8.9553783e-24
   8.9729679e-24
   8.9906032e-24
   9.0082842e-24
   9.0260110e-24
   9.0437835e-24
   9.0616020e-24
   9.0794664e-24
   9.0973769e-24
   9.1153336e-24
   9.1333365e-24
   9.1513858e-24
   9.1694815e-24
   9.1876238e-24
   9.2058127e-24
   9.2240483e-24
   9.2423307e-24
   9.2606601e-24
   9.2790365e-24
   9.2974600e-24
   9.3159308e-24
   9.3344488e-24
   9.3530143e-24
   9.3716273e-24
   9.3902879e-24
   9.4089961e-24
   9.4277523e-24
   9.4465563e-24
   9.4654083e-24
   9.4843084e-24
   9.5032567e-24
   9.5222534e-24
   9.5412984e-24
   9.5603920e-24
   9.5795342e-24
   9.5987250e-24
   9.6179647e-24
   9.6372533e-24
   9.6565909e-24
   9.6759777e-24
   9.6954136e-24
   9.7148989e-24
   9.7344336e-24
   9.7540179e-24
   9.7736517e-24
   9.7933353e-24
   9.8130688e-24
   9.8328522e-24
   9.8526856e-24
   9.8725692e-24
   9.8925030e-24
   9.9124872e-24
   9.9325219e-24
   9.9526071e-24
   9.9727430e-24
   9.9929297e-24
   1.0013167e-23
   1.0033456e-23
   1.0053796e-23
   1.0074186e-23
   1.0094629e-23
   1.0115122e-23
   1.0135668e-23
   1.0156264e-23
   1.0176913e-23
   1.0197613e-23
   1.0218366e-23
   1.0239170e-23
   1.0260027e-23
   1.0280936e-23
   1.0301897e-23
   1.0322911e-23
   1.0343977e-23
   1.0365097e-23
   1.0386269e-23
   1.0407494e-23
   1.0428772e-23
   1.0450103e-23
   1.0471487e-23
   1.0492925e-23
   1.0514417e-23
   1.0535962e-23
   1.0557561e-23
   1.0579213e-23
   1.0600920e-23
   1.0622681e-23
   1.0644496e-23
   1.0666365e-23
   1.0688288e-23
   1.0710267e-23
   1.0732300e-23
   1.0754388e-23
   1.0776533e-23
   1.0798758e-23
   1.0821040e-23
   1.0843292e-23
   1.0865652e-23
   1.0888069e-23
   1.0910543e-23
   1.0933073e-23
   1.0955658e-23
   1.0978300e-23
   1.1000997e-23
   1.1023751e-23
   1.1046561e-23
   1.1069427e-23
   1.1092350e-23
   1.1115330e-23
   1.1138366e-23
   1.1161460e-23
   1.1184610e-23
   1.1207817e-23
   1.1231082e-23
   1.1254404e-23
   1.1277783e-23
   1.1301220e-23
   1.1324715e-23
   1.1348268e-23
   1.1371878e-23
   1.1395547e-23
   1.1419274e-23
   1.1443059e-23
   1.1466903e-23
   1.1490805e-23
   1.1514766e-23
   1.1538786e-23
   1.1562865e-23
   1.1587003e-23
   1.1611200e-23
   1.1635457e-23
   1.1659773e-23
   1.1684148e-23
   1.1708583e-23
   1.1733079e-23
   1.1757634e-23
   1.1782249e-23
   1.1806924e-23
   1.1831660e-23
   1.1856456e-23
   1.1881313e-23
   1.1906231e-23
   1.1931209e-23
   1.1956249e-23
   1.1981349e-23
   1.2006511e-23
   1.2031734e-23
   1.2057019e-23
   1.2082365e-23
   1.2107774e-23
   1.2133244e-23
   1.2158776e-23
   1.2184370e-23
   1.2210027e-23
   1.2235746e-23
   1.2261527e-23
   1.2287372e-23
   1.2313279e-23
   1.2339249e-23
   1.2365283e-23
   1.2391379e-23
   1.2417539e-23
   1.2443762e-23
   1.2470050e-23
   1.2496400e-23
   1.2522815e-23
   1.2549294e-23
   1.2575837e-23
   1.2602445e-23
   1.2629117e-23
   1.2655853e-23
   1.2682655e-23
   1.2709521e-23
   1.2736452e-23
   1.2763451e-23
   1.2790764e-23
   1.2817641e-23
   1.2844830e-23
   1.2872088e-23
   1.2899412e-23
   1.2926803e-23
   1.2954259e-23
   1.2981782e-23
   1.3009371e-23
   1.3037027e-23
   1.3064749e-23
   1.3092538e-23
   1.3120395e-23
   1.3148318e-23
   1.3176309e-23
   1.3204367e-23
   1.3232493e-23
   1.3260687e-23
   1.3288948e-23
   1.3317277e-23
   1.3345675e-23
   1.3374141e-23
   1.3402675e-23
   1.3431278e-23
   1.3459950e-23
   1.3488691e-23
   1.3517501e-23
   1.3546379e-23
   1.3575328e-23
   1.3604345e-23
   1.3633433e-23
   1.3662590e-23
   1.3691817e-23
   1.3721114e-23
   1.3750482e-23
   1.3779920e-23
   1.3809428e-23
   1.3839008e-23
   1.3868658e-23
   1.3898379e-23
   1.3928171e-23
   1.3958034e-23
   1.3987969e-23
   1.4017976e-23
   1.4048054e-23
   1.4078205e-23
   1.4108427e-23
   1.4138722e-23
   1.4169089e-23
   1.4199529e-23
   1.4230041e-23
   1.4260626e-23
   1.4291284e-23
   1.4322016e-23
   1.4352821e-23
   1.4383699e-23
   1.4414651e-23
   1.4445677e-23
   1.4476777e-23
   1.4507950e-23
   1.4539199e-23
   1.4570521e-23
   1.4601919e-23
   1.4633391e-23
   1.4664938e-23
   1.4696560e-23
   1.4728258e-23
   1.4760031e-23
   1.4791909e-23
   1.4823805e-23
   1.4855804e-23
   1.4887880e-23
   1.4920032e-23
   1.4952261e-23
   1.4984567e-23
   1.5016949e-23
   1.5049409e-23
   1.5081945e-23
   1.5114559e-23
   1.5147250e-23
   1.5180018e-23
   1.5212865e-23
   1.5245789e-23
   1.5278792e-23
   1.5311872e-23
   1.5345031e-23
   1.5378269e-23
   1.5411586e-23
   1.5444981e-23
   1.5478456e-23
   1.5512010e-23
   1.5545643e-23
   1.5579356e-23
   1.5613149e-23
   1.5647022e-23
   1.5680975e-23
   1.5715009e-23
   1.5749123e-23
   1.5783317e-23
   1.5817593e-23
   1.5851949e-23
   1.5886387e-23
   1.5920906e-23
   1.5955507e-23
   1.5990189e-23
   1.6024954e-23
   1.6059800e-23
   1.6094729e-23
   1.6129740e-23
   1.6164834e-23
   1.6200011e-23
   1.6235270e-23
   1.6270613e-23
   1.6306040e-23
   1.6341550e-23
   1.6377143e-23
   1.6412821e-23
   1.6448582e-23
   1.6484428e-23
   1.6520359e-23
   1.6556374e-23
   1.6592474e-23
   1.6628658e-23
   1.6664929e-23
   1.6701284e-23
   1.6737725e-23
   1.6774252e-23
   1.6810881e-23
   1.6847565e-23
   1.6884349e-23
   1.6921221e-23
   1.6958180e-23
   1.6995225e-23
   1.7032358e-23
   1.7069578e-23
   1.7106885e-23
   1.7144280e-23
   1.7181763e-23
   1.7219334e-23
   1.7256993e-23
   1.7294741e-23
   1.7332577e-23
   1.7370502e-23
   1.7408516e-23
   1.7446619e-23
   1.7484812e-23
   1.7523094e-23
   1.7561466e-23
   1.7599929e-23
   1.7638481e-23
   1.7677124e-23
   1.7715857e-23
   1.7754681e-23
   1.7793596e-23
   1.7832603e-23
   1.7871700e-23
   1.7910890e-23
   1.7950171e-23
   1.7989544e-23
   1.8029009e-23
   1.8068567e-23
   1.8108217e-23
   1.8147961e-23
   1.8187797e-23
   1.8227726e-23
   1.8267749e-23
   1.8307865e-23
   1.8348076e-23
   1.8388380e-23
   1.8428779e-23
   1.8469272e-23
   1.8509859e-23
   1.8550542e-23
   1.8591320e-23
   1.8632193e-23
   1.8673161e-23
   1.8714225e-23
   1.8755385e-23
   1.8796642e-23
   1.8838000e-23
   1.8879443e-23
   1.8920989e-23
   1.8962632e-23
   1.9004372e-23
   1.9046209e-23
   1.9088145e-23
   1.9130178e-23
   1.9172309e-23
   1.9214538e-23
   1.9256866e-23
   1.9299292e-23
   1.9341817e-23
   1.9384442e-23
   1.9427166e-23
   1.9469989e-23
   1.9512913e-23
   1.9555936e-23
   1.9599060e-23
   1.9642284e-23
   1.9685608e-23
   1.9729034e-23
   1.9772561e-23
   1.9816189e-23
   1.9859918e-23
   1.9903750e-23
   1.9947683e-23
   1.9991719e-23
   2.0035857e-23
   2.0080098e-23
   2.0124442e-23
   2.0168889e-23
   2.0213440e-23
   2.0258094e-23
   2.0302851e-23
   2.0347713e-23
   2.0392680e-23
   2.0437750e-23
   2.0482926e-23
   2.0528206e-23
   2.0573592e-23
   2.0619084e-23
   2.0664681e-23
   2.0710383e-23
   2.0756192e-23
   2.0802108e-23
   2.0848130e-23
   2.0894260e-23
   2.0940495e-23
   2.0986838e-23
   2.1033289e-23
   2.1079848e-23
   2.1126515e-23
   2.1173290e-23
   2.1220174e-23
   2.1267166e-23
   2.1314268e-23
   2.1361478e-23
   2.1408799e-23
   2.1456229e-23
   2.1503769e-23
   2.1551419e-23
   2.1599180e-23
   2.1647051e-23
   2.1695033e-23
   2.1743127e-23
   2.1791332e-23
   2.1839649e-23
   2.1888078e-23
   2.1936619e-23
   2.1985272e-23
   2.2034038e-23
   2.2082917e-23
   2.2131910e-23
   2.2181015e-23
   2.2230235e-23
   2.2279568e-23
   2.2329016e-23
   2.2378578e-23
   2.2428255e-23
   2.2478046e-23
   2.2527953e-23
   2.2577976e-23
   2.2628114e-23
   2.2678368e-23
   2.2728739e-23
   2.2779226e-23
   2.2829830e-23
   2.2880551e-23
   2.2931391e-23
   2.2982344e-23
   2.3033418e-23
   2.3084609e-23
   2.3135919e-23
   2.3187348e-23
   2.3238895e-23
   2.3290562e-23
   2.3342348e-23
   2.3394253e-23
   2.3446279e-23
   2.3498424e-23
   2.3550691e-23
   2.3603077e-23
   2.3655585e-23
   2.3708215e-23
   2.3760965e-23
   2.3813838e-23
   2.3866832e-23
   2.3919949e-23
   2.3973189e-23
   2.4026551e-23
   2.4080037e-23
   2.4133646e-23
   2.4187379e-23
   2.4241236e-23
   2.4295217e-23
   2.4349323e-23
   2.4403553e-23
   2.4457909e-23
   2.4512390e-23
   2.4566996e-23
   2.4621729e-23
   2.4676588e-23
   2.4731573e-23
   2.4786685e-23
   2.4841924e-23
   2.4897291e-23
   2.4952785e-23
   2.5008407e-23
   2.5064157e-23
   2.5120036e-23
   2.5176043e-23
   2.5232180e-23
   2.5288446e-23
   2.5344842e-23
   2.5401367e-23
   2.5458023e-23
   2.5514809e-23
   2.5571726e-23
   2.5628774e-23
   2.5685954e-23
   2.5743265e-23
   2.5800708e-23
   2.5858284e-23
   2.5915992e-23
   2.5973833e-23
   2.6031807e-23
   2.6089914e-23
   2.6148156e-23
   2.6206531e-23
   2.6265040e-23
   2.6323685e-23
   2.6382464e-23
   2.6441379e-23
   2.6500429e-23
   2.6559615e-23
   2.6618937e-23
   2.6678395e-23
   2.6737990e-23
   2.6797723e-23
   2.6857593e-23
   2.6917600e-23
   2.6977746e-23
   2.7038029e-23
   2.7098452e-23
   2.7159013e-23
   2.7219713e-23
   2.7280553e-23
   2.7341533e-23
   2.7402653e-23
   2.7463914e-23
   2.7525315e-23
   2.7586858e-23
   2.7648542e-23
   2.7710367e-23
   2.7772335e-23
   2.7834445e-23
   2.7896698e-23
   2.7959094e-23
   2.8021633e-23
   2.8084316e-23
   2.8147142e-23
   2.8210113e-23
   2.8273229e-23
   2.8336490e-23
   2.8399896e-23
   2.8463447e-23
   2.8527144e-23
   2.8590988e-23
   2.8654978e-23
   2.8719115e-23
   2.8783400e-23
   2.8847832e-23
   2.8912412e-23
   2.8977140e-23
   2.9042016e-23
   2.9107042e-23
   2.9172216e-23
   2.9237540e-23
   2.9303015e-23
   2.9368639e-23
   2.9434414e-23
   2.9500340e-23
   2.9566417e-23
   2.9632645e-23
   2.9699026e-23
   2.9765559e-23
   2.9832244e-23
   2.9899082e-23
   2.9966074e-23
   3.0033219e-23
   3.0100518e-23
   3.0167972e-23
   3.0235580e-23
   3.0303343e-23
   3.0371262e-23
   3.0439336e-23
   3.0507566e-23
   3.0575953e-23
   3.0644496e-23
   3.0713197e-23
   3.0782055e-23
   3.0851070e-23
   3.0920244e-23
   3.0989577e-23
   3.1059068e-23
   3.1128719e-23
   3.1198529e-23
   3.1268499e-23
   3.1338629e-23
   3.1408920e-23
   3.1479372e-23
   3.1549985e-23
   3.1620761e-23
   3.1691698e-23
   3.1762798e-23
   3.1834060e-23
   3.1905486e-23
   3.1977075e-23
   3.2048829e-23
   3.2120746e-23
   3.2192828e-23
   3.2265076e-23
   3.2337488e-23
   3.2410067e-23
   3.2482811e-23
   3.2555722e-23
   3.2628800e-23
   3.2702046e-23
   3.2775459e-23
   3.2849040e-23
   3.2922789e-23
   3.2996707e-23
   3.3070795e-23
   3.3145051e-23
   3.3219478e-23
   3.3294075e-23
   3.3368843e-23
   3.3443782e-23
   3.3518892e-23
   3.3594174e-23
   3.3669628e-23
   3.3745255e-23
   3.3821055e-23
   3.3897029e-23
   3.3973176e-23
   3.4049497e-23
   3.4125993e-23
   3.4202663e-23
   3.4279510e-23
   3.4356531e-23
   3.4433729e-23
   3.4511104e-23
